b4
(1, 1)
[[-1.70308538]]
#===============================================#
b2
(7, 1)
[[-0.00088887]
 [ 0.02343253]
 [ 0.01836081]
 [-0.00550493]
 [ 0.00629713]
 [ 0.02345105]
 [-0.00173074]]
#===============================================#
b3
(5, 1)
[[ 0.83594399]
 [-0.00789907]
 [-0.01119544]
 [-0.06650791]
 [-0.00783617]]
#===============================================#
W4
(1, 5)
[[-0.8048949   0.18173956  0.84835693  1.40360284  0.12600471]]
#===============================================#
b1
(20, 1)
[[  3.77453320e-03]
 [  8.04637567e-03]
 [  6.52285312e-03]
 [  2.75098261e-03]
 [  5.91601040e-03]
 [  8.53889167e-04]
 [  3.55785818e-04]
 [  6.95324816e-04]
 [  4.62375754e-04]
 [  1.85733752e-03]
 [ -6.37299166e-03]
 [  6.78271806e-03]
 [ -1.07791804e-03]
 [  5.31103600e-03]
 [  8.07098230e-03]
 [ -1.04251806e-02]
 [ -4.30179882e-05]
 [ -5.13240993e-04]
 [  1.42964256e-03]
 [ -2.41898196e-03]]
#===============================================#
W1
(20, 12288)
[[ 0.01667957 -0.00645016 -0.00345038 ..., -0.00681542 -0.00589773
   0.01060975]
 [ 0.01396372  0.00408323 -0.00485838 ...,  0.01305966  0.00208171
   0.00919416]
 [-0.00132969 -0.0060011   0.0046379  ...,  0.00119216 -0.00844613
  -0.00494138]
 ..., 
 [ 0.00140823 -0.00137711  0.0163992  ..., -0.00846451 -0.00761603
  -0.00149162]
 [-0.00167773 -0.00615253 -0.0102069  ...,  0.02052919 -0.00426107
   0.00149609]
 [-0.01764621 -0.00677608  0.00758537 ...,  0.01727331  0.01295243
  -0.00320609]]
#===============================================#
W2
(7, 20)
[[  2.02109232e-01  -3.08645240e-01  -3.77620591e-01  -4.02563039e-02
    5.90753267e-02   1.23345558e-01   3.08047246e-01   4.71201576e-02
    5.29892230e-02   1.34732883e-01   2.15804697e-01  -6.34295948e-01
   -1.56081006e-01   1.01905466e-01  -1.50584386e-01   5.31219819e-02
    1.14257132e-01   4.20697960e-01   1.08551174e-01  -2.18735332e-01]
 [  3.55473542e-01  -1.40425568e-01   3.69577020e-01   2.52948556e-01
   -1.12244542e-01  -3.15138385e-01  -2.47939209e-01   4.71175575e-01
   -7.70595904e-02   5.37835907e-01  -1.13592260e-02   6.41599083e-02
    2.71932572e-02   4.28533768e-01   1.58711226e-01  -6.45476382e-01
   -1.71360572e-01   1.77933527e-01   1.54283978e-01  -7.23268509e-02]
 [  2.95845744e-01   2.42493534e-01  -1.35292093e-02   2.64225586e-02
    3.74720392e-01  -1.70239700e-01  -2.94431063e-02  -7.32284226e-02
   -1.80191538e-01  -6.48245664e-03  -6.36609212e-01   6.98320063e-02
    7.64272809e-02   3.65939315e-01   5.38213049e-02  -1.50672004e-01
   -2.61210780e-01   1.35946854e-01   4.20801475e-01  -2.69612187e-01]
 [  1.41753417e-01  -2.65278934e-01   4.52811804e-01   2.78174458e-02
   -5.50951183e-02  -3.94871564e-02  -1.68495173e-01  -1.45889839e-01
    3.42501400e-03  -1.12828207e-01   4.01518035e-01  -3.88756143e-01
    6.00715042e-04  -3.69346586e-01  -1.14921409e-01   1.32153164e-01
    3.19920655e-01   1.88127350e-01  -4.82694038e-02  -1.47344559e-01]
 [ -1.65422451e-01   4.24080697e-01  -5.77075474e-01   1.57955356e-01
   -2.91506076e-01   3.39980459e-02  -2.62177199e-01   2.67014670e-01
    4.77502228e-01  -1.73511555e-01  -1.48178322e-01  -6.91874223e-02
    5.40868505e-03  -2.85201951e-01   6.38684997e-02  -7.34238911e-02
    1.43622524e-01   7.82250247e-02  -1.47515172e-01  -3.98823580e-01]
 [ -2.06235204e-01   1.65809256e-01   2.15407206e-01   2.21356436e-01
    2.51185613e-01   2.64459245e-01  -3.07120924e-02  -3.06637918e-01
    3.45640707e-01   1.05259532e-01  -3.45952036e-01   9.06541323e-02
    3.94968727e-02  -3.14921705e-01   2.21496294e-01  -3.92828666e-01
   -9.66468124e-02  -3.03701358e-01   1.39673969e-01  -4.55419713e-01]
 [  2.06819296e-01  -2.39537245e-01  -4.06133490e-01   5.92692802e-02
    8.95374287e-02  -3.27700300e-01  -6.89856027e-02  -6.13447906e-01
    1.89927573e-01  -1.42814095e-01   1.77958823e-03  -1.34407806e-01
    9.34036862e-02  -2.00549616e-02   9.01789763e-02   3.81627943e-01
    3.30416268e-01  -1.76566228e-02   9.28388267e-02  -1.16167106e-01]]
#===============================================#
W3
(5, 7)
[[ 0.20939786  0.22260341  0.77305504 -1.07519552 -0.64294684 -0.23955769
  -0.15626735]
 [-0.57997618  0.30787936 -0.03846597 -0.13493464  0.23485372  0.76214447
  -0.34515092]
 [ 0.15990295  0.51342398  0.15089121  0.41431029 -0.05993401  0.87704284
  -0.01031899]
 [ 0.52908282  0.93375184  1.22728636 -0.01508134  0.41002476  0.18465442
  -0.01414658]
 [-0.96753783 -0.30506155  0.54034185 -0.1877814  -0.39247103  0.20630846
  -0.58863038]]
#===============================================#
